64705240
35935404
15904054
35747622
18550220
68315997
26798191
77455535
23531866
77641839
79047539
32114870
30812006
22995999
8238392
41437291
7186465
63510008
62141926
27247146
95126938
66236388
42669495
32948527
69646404
20871314
22780044
26368941
34169699
74439879
35133091
47482159
88020293
92004668
63447624
85014262
98552991
14882646
47716450
19234109
96803898
68495469
94694584
61021625
42315119
40875686
92293753
50169440
79178518
90554714
97487058
13311787
37990221
59885192
30575547
66338952
75077229
43830288
63757789
56614423
52800491
99354784
77120233
90941750
84867654
65003811
17366347
27365486
97753099
82945600
29776280
84118451
39981790
81997745
29181308
54334892
40962722
63760877
10847822
97483630
8848852
66568580
23351881
28278276
51334444
52915656
61271867
42722206
86540671
31958206
26689357
14129902
64728677
45817966
8521432
37361699
23789781
16071148
58681656
17894214
44638659
29172573
78986147
18316356
43425580
57568648
69466434
81277100
24308297
82095886
85611577
88228804
71584936
75808283
23328778
18146379
74325955
94865526
43924013
74920675
31481538
12363280
7618397
41292044
93413144
43796721
63547599
60004291
83511149
98683057
52954381
89599932
95525490
33136889
68114150
99280362
33265177
80120914
88070156
8867245
94117746
45234611
79665323
65394887
86416589
82245158
98835570
3766856
25813243
87206690
22362166
6441275
32602499
14547198
77020364
79356121
89285342
35399928
66095488
2061423
58839631
75247087
95553909
51908298
15784161
94238257
93040654
45532756
71641711
9502256
34423400
36723525
31067979
46212696
97252545
64326928
33137321
59531877
46549614
85146433
87412557
52751894
27456813
58183739
52246166
13077504
88758325
98153051
7874546
86842744
69667809
20861083
30206236
97795554
54051709
70194778
3340946
42197601
6613624
46869262
48022714
57865167
7981800
1571553
11629194
66311146
74656212
50621467
17758766
93890181
20940364
67472825
13542978
83983799
14495378
55762306
87777547
19938956
1818333
33671830
3406217
15148357
8558261
89202570
2783224
5693974
46533348
95218607
91456629
88765980
57275300
72202198
9488160
86973038
8596837
24263833
64264462
85081469
9287825
58984881
90836033
81576577
49971816
99723192
6636988
75370686
9631490
73934719
22043872
52865687
72843375
63146331
32445639
96452769
44463303
86951460
33057652
35152750
93747491
67146934
73603329
67850806
50906693
60555768
11719329
5722783
71711765
64083338
24254309
14459469
6563765
31355906
37605733
31927085
35482816
63453406
51997712
30137240
68339660
70171268
94598088
741340
69150556
70741862
84157496
66553010
68953641
39852887
39340605
14950306
41937055
5324357
99498093
50148092
95997639
50877896
47387748
5965182
55869212
11242014
93304219
54694332
51340555
70228966
35361413
73062414
20001058
14599420
8948880
32020120
5805990
90434833
31396795
3493089
82683162
71849641
61299323
43139893
24726773
9781416
56137331
54332695
20866436
36033177
64585873
65753936
47492451
89024405
22150141
82830045
18096825
82813519
14352570
96862581
12593796
79855405
95365879
41738456
50941229
58626023
37070971
82859352
44920842
36690431
28701104
75716660
60835249
53166620
3299634
94700139
25620336
45761597
79832953
91815723
49757729
50915900
20646735
73422293
8688861
71231761
98747170
5063840
10645789
22292474
19844077
94448621
90758044
88242418
20604947
13367187
7255874
21320160
94024667
70452582
63797245
79239891
94766897
57023463
34439856
52425883
25402686
99973210
11779607
89519476
26082551
80351108
12833551
94634003
45245274
72388225
62593877
73122352
444111
25992102
32660968
65366006
50763994
73781885
82200017
70010639