26
32
38
38
39
34
22
28
29
24
37
19
32
45
26
22
26
49
28
25
22
40
19
49
23
33
37
42
24
19
18
28
29
21
18
48
48
26
22
25
21
48
36
47
27
47
24
32
20
22
23
26
18
36
49
44
37
26
46
27
26
43
38
40
31
22
45
44
38
46
44
20
29
48
38
42
25
21
29
23
34
37
31
19
18
22
28
31
32
34
37
39
23
34
20
49
43
42
32
40
31
31
40
32
46
36
22
33
45
42
24
37
23
46
44
42
24
42
34
25
22
40
23
44
25
41
24
35
22
19
27
43
21
32
31
38
44
20
25
41
24
25
44
43
20
41
38
27
38
21
21
45
37
26
35
33
35
44
22
33
33
42
47
37
29
37
37
27
44
49
20
42
43
25
26
23
23
39
22
41
40
42
32
40
32
24
47
21
38
37
31
40
46
37
28
46
21
22
21
42
36
21
26
49
26
20
41
49
30
32
37
44
21
47
31
34
26
19
35
22
42
32
45
42
34
18
35
32
30
23
30
26
40
47
22
28
39
37
40
27
23
23
23
36
30
41
31
26
28
29
32
26
41
23
22
27
46
45
38
25
42
42
40
49
22
37
22
43
20
49
39
44
20
22
35
37
38
22
27
44
21
44
30
22
38
35
26
24
33
34
24
35
18
26
42
49
40
28
42
41
32
35
28
26
25
30
48
18
28
43
27
43
23
42
28
48
24
20
42
36
35
20
45
23
33
28
36
48
37
31
27
47
48
32
45
35
33
48
34
35
41
19
47
45
26
38
49
30
46
41
37
34
24
43
31
22
45
43
44
36
29
45
37
18
47
22
40
38
29
38
47
37
48
49
36
45
49
42
21
20
26
39
18
20
33
35
49
44
21
42
38
40
46
25
34
37
48
41
43
22