
18 10 0 13 9 4 7 19 8 2 1 17 6 12 16 15 11 14 5 3 
13 18 4 10 19 0 2 9 17 7 12 8 15 1 14 6 3 16 5 18 
18 4 13 19 10 2 0 17 9 12 7 15 8 14 1 3 6 5 16 19 
19 18 2 4 17 13 12 10 15 0 14 9 3 7 5 8 11 1 16 18 
18 2 19 17 4 12 13 15 10 14 0 3 9 5 7 11 8 16 1 17 
17 18 12 2 15 19 1 4 3 13 5 10 11 0 16 9 6 7 1 18 
18 12 17 15 2 14 19 3 4 5 13 11 10 16 0 6 9 1 7 15 
15 18 14 12 3 17 5 2 11 19 16 4 6 13 1 10 8 0 7 18 
18 14 15 3 12 5 17 11 2 16 19 6 4 1 12 8 10 7 0 13 
3 18 5 14 11 15 16 12 6 17 1 2 8 19 7 4 9 13 0 18 
18 5 3 11 14 16 15 6 12 1 17 8 2 7 19 9 4 0 13 11 
11 18 16 5 6 3 1 14 8 15 7 12 9 17 0 2 10 19 13 18 
18 16 11 6 5 1 3 8 14 7 15 9 12 0 17 10 2 13 19 6 
6 18 1 16 8 11 7 5 9 3 0 14 10 15 13 12 4 17 10 18 
18 1 6 8 16 7 11 9 5 0 3 10 14 13 15 4 12 19 17 8 
8 18 7 1 9 6 0 16 10 11 13 5 4 3 19 14 2 15 17 18 
18 7 8 9 1 0 6 10 16 13 11 4 5 19 3 2 14 17 15 9 
9 18 0 7 10 8 13 1 4 6 19 16 2 11 17 5 12 3 15 18 
18 0 9 10 7 13 8 4 1 19 6 2 16 17 11 12 5 15 3 14 