6
7
3
0
11
5
13
15
14
8
4
5
9
3
11
0
7
11
11
9
11
7
14
4
10
12
2
5
14
14
15
4
6
8
5
13
12
12
7
13
0
14
13
4
14
1
14
8
15
11
7
14
8
15
5
13
4
6
6
11
13
13
6
4
2
2
13
15
2
4
8
13
11
7
11
7
5
13
10
2
3
13
5
11
10
4
3
12
9
0
12
11
0
0
11
3
5
2
12
3
10
4
8
7
7
7
2
12
1
0
3
14
12
0
5
6
7
4
8
13
1
1
0
15
6
12
1
2
1
12
3
0
4
1
8
11
12
3
4
2
15
10
11
2
14
3
13
15
11
13
5
14
4
3
6
1
3
13
3
10
1
0
5
0
7
0
11
4
10
9
5
14
10
8
11
1
1
11
6
9
12
12
0
3
5
1
12
5
9
11
15
10
5
13
9
2
4
4
15
0
7
6
3
3
12
13
1
1
8
4
4
13
13
8
11
7
11
13
11
15
7
9
8
11
12
13
10
4
13
2
12
4
10
10
2
12
5
6
14
13
10
3
7
11
10
2
3
11
4
7
4
14
12
1
3
0
4
15
12
0
15
6
11
1
2
9
7
14
6
2
7
12
1
8
10
11
1
3
3
0
15
3
8
4
5
8
5
9
7
14
14
3
1
13
6
2
11
4
9
0
2
8
0
4
15
0
1
4
4
2
15
15
14
15
15
5
5
1
5
3
6
6
8
3
10
10
5
0
2
11
6
7
3
15
13
8
11
15
4
6
7
7
7
4
13
7
4
12
1
6
8
11
4
6
12
0
8
0
11
1
14
14
6
2
9
1
12
4
8
5
8
15
3
0
15
7
9
12
5
14
3
0
6
2
14
2
6
6
8
13
13
2
5
0
13
3
4
15
4
15
